-99308.18
-95124.82
-97712.01
-98611.39
-98704.51
-99046.37
-98604.78
-98208.01
-98324.05
-98056.86
-98303.61
-98383.37
-96826.86
-98621.88
-98110.76
-98965.52
-98338.4
-98595.59
-98658.09
-98597.33
-98899.06
-99071.04
-99293.35
-98756.78
-99108.73
-99329.25
-99333.78
-99391.89
-99307.51
-99186.19
-99428.47
-99427.43
-99426.13
-99504.2
-99486.55
-99451.09
-99388.26
-99450.12
-99416.48
-99337.93
-99409.85
-99405.18
-99436.19
-99408.2
-99408.52
-99458.81
-99318.91
-99412.96
-99412.12
-99470.44
-99444.83
