-448.14
-2.08
-67.746666
-28.186666
83.14333
137.63667
31.036667
132.82666
42.926666
161.19667
208.11333
272.86334
242.81667
525.20667
694.8333
671.2267
423.13333
348.29
655.73334
800.30664
989.9667
1004.94
1058.08
1208.7667
719.07
451.59
481.58667
504.24667
719.79333
454.04333
547.19336
773.05664
835.58
1355.11
1572.2533
659.86334
929.1533
986.61664
1524.3467
2173.89
603.3367
1981.3167
1756.4767
1296.0634
623.25665
1168.55
458.07
1410.42
917.7867
1161.4933
1018.8467
501.03
309.14667
852.03
126.98
848.50336
1189.68
1360.4333
905.97
918.8933
1183.9767
551.17
975.69
646.41
1072.84
976.22
1277.8367
1142.9767
608.5867
603.18
1398.03
2614.0366
1096.1367
1092.9467
216.55667
992.0333
750.31665
969.44
713.44666
880.7233
-34.476665
888.2133
1250.2633
1679.74
2457.2266
1401.3066
217.68333
621.20667
1380.6633
1349.2633
964.10333
1775.3134
1549.05
1096.5934
2929.7166
3041.6233
2713.26
2179.74
2576.3733
2579.9067
3126.07
