-913.48334
-819.68665
-531.28
-387.63666
-442.96
-321.84668
-374.59668
-308.03333
-257.28333
-265.04333
-219.34
-228.57666
-255.05333
-226.41333
-159.84666
-244.23
-255.52
-156.69
-272.38
-331.20334
-505.31
-205.96
-249.33
-96.7
-258.06668
-238.89667
-280.64
-296.49335
-229.21666
-157.50667
-157.18
-294.58334
-407.22
-388.45334
-402.2
-444.50665
-462.34332
-369.73
-350.85666
-350.80667
-251.09334
-299.94
-346.71335
-326.18668
-353.23
-307.09668
-472.42667
-461.45334
-425.11667
-572.47
-430.78
-371.07
-265.33667
-261.13333
-277.42334
-379.46335
-441.63666
-223.07333
-236.33333
-140.79666
-309.27
-137.91667
-147.13
-232.15666
-76.76
-121.73
-150.57666
-405.35
-141.79666
-266.15668
-509.79333
-299.19333
-248.50333
-211.53
-473.18
-345.61667
-646.94
-212.50333
-235.13
-191.48666
-74.45333
-284.99
-282.88666
-222.80667
-313.05
-235.23666
-280.59668
-409.16333
-209.14
-141.02333
-804.7133
-511.38666
-554.6067
-404.09332
-475.02335
-342.29
-130.58333
-159.15
-223.92
-289.13333
-194.95667
