-942.4267
-823.42
-537.4667
-409.94666
-361.02
-401.48
-397.28
-211.26666
-263.46
-259.64667
-337.38
-199.33333
-234.03334
-94.666664
-274.89334
-207.74667
-243.54666
-257.24
-294.23334
-311.06668
-230.73334
-325.14667
-296.37332
-202.47333
-454.40668
-427.95334
-453.10666
-542.38
-269.48666
-196.95334
-187.76
-278.7
-263.79333
-321.68668
-294.27335
-391.79333
-705.3
-534.94666
-514.5867
-330.68668
-312.28
-373.92667
-337.1
-473.06
-243.5
-308.27335
-328.75333
-186.14
-413.88
-640.0267
-341.65332
-338.17334
-759.19336
-611.26
-545.6533
-403.36667
-465.21335
-421.55334
-659.44
-591.04
-290.21335
-277.42667
-329.84
-234.13333
-281.04
-337.48666
-267.30667
-211.04
-257.05334
-246.77333
-366.06668
-450.14667
-305.62
-277.3
-464.46667
-617.81335
-595.63336
-242.32
-287.38666
-562.56665
-247.67334
-243.25333
-335.02
-232.91333
-257.14
-182.76
-335.04666
-355.57333
-288.10666
-332.12668
-180.84
-331.59332
-331.26666
-376.38
-463.94666
-250.43333
-201.42
-308.08
-203.59334
-128.31334
-199.6
